
group: Mutz - University
description: Simple example of an University. Credits: Filipe Mutz
category@en:Federal University of Espírito Santo

student = {
    student_id:int,student_name:string

    1, 'jose'
    2, 'maria'
    3, 'paulo'
    4, 'carlos'
    5, 'luciana'
 }

professor = {
    professor_id:int,professor_name:string

    1, 'astolfo'
    2, 'alfredo'
    3, 'arlindo'
    4, 'berenice',
    5, 'joelma'
}

course = {
    course_id:int,course_name:string

    1, 'Calculo 1'
    2, 'Programacao 1'
    3, 'Bancos de Dados'
    4, 'Desenvolvimento web'
}

prerequisite = {
    course_id:int, prereq_id:int
    3, 2
    4, 2
    4, 3
}

offering = {
    offering_id:int,course_id:int,professor_id:int,semester:string
    1, 1, 1, '2026/1'
    2, 1, 2, '2026/2'
    3, 2, 3, '2026/1'
    4, 2, 3, '2026/2'
    5, 2, 4, '2026/1'
    6, 3, 4, '2026/1'
    7, 3, 4, '2026/2'
}

enrollment = {
    student_id:int,offering_id:int,grade:float,attendance:float
    1, 1, 2.3, 0.8
    3, 1, 3.4, 0.9
    1, 2, 7.8, 0.73
    2, 2, 9.5, 0.8
    3, 2, 8.8, 0.95
    1, 3, 6.5, 0.8
    4, 3, 0.0, 0.79
    4, 4, 0.0, 0.1
    2, 4, 9.9, 0.9
    2, 6, 10, 1.0
    3, 6, 0.5, 0.5
    3, 7, 8.5, 0.86
    4, 6, 0.0, 0.1
    4, 7, 2.7, 0.7
}

<<<<<<< HEAD

group: Mutz - Store
description: Simple example of an Store. Credits: Filipe Mutz
category@en:Federal University of Espírito Santo

customer = {
customer_id:string,customer_name:string,customer_city:string

    '10000000000','Ana Santos Silva Lima','Vitoria'
    '10000000001','Bruno Souza Souza Oliveira','Vila Velha'
    '10000000002','Carla Santos Ferreira Santos','Serra'
    '10000000003','Daniel Ribeiro Pereira Silva','Cariacica'
    '10000000004','Eduarda Silva Santos Souza','Guarapari'
    '10000000005','Felipe Souza Ferreira Ribeiro','Linhares'
    '10000000006','Gabriela Silva Ferreira Souza','Colatina'
    '10000000007','Henrique Ferreira Pereira Souza','Viana'
    '10000000008','Isabela Almeida Ribeiro Lima','Aracruz'
    '10000000009','Joao Silva Oliveira Pereira','Cachoeiro de Itapemirim'
    '10000000010','Karen Costa Lima Oliveira','Vitoria'
    '10000000011','Lucas Souza Costa Santos','Vila Velha'
    '10000000012','Mariana Santos Pereira Santos','Serra'
    '10000000013','Nicolas Costa Costa Ribeiro','Cariacica'
    '10000000014','Olivia Lima Silva Almeida','Guarapari'
    '10000000015','Paulo Ferreira Santos Pereira','Linhares'
    '10000000016','Rafaela Santos Ferreira Lima','Colatina'
    '10000000017','Samuel Ribeiro Costa Ribeiro','Viana'
    '10000000018','Tatiana Souza Santos Silva','Aracruz'
    '10000000019','Victor Souza Lima Santos','Cachoeiro de Itapemirim'
    '10000000020','Amanda Souza Santos Pereira','Vitoria'
    '10000000021','Bernardo Lima Almeida Costa','Vila Velha'
    '10000000022','Camila Oliveira Costa Costa','Serra'
    '10000000023','Diego Souza Lima Santos','Cariacica'
    '10000000024','Elisa Ribeiro Oliveira Ferreira','Guarapari'
    '10000000025','Fernando Souza Oliveira Almeida','Linhares'
    '10000000026','Giovana Pereira Lima Ferreira','Colatina'
    '10000000027','Hugo Souza Costa Silva','Viana'
    '10000000028','Juliana Souza Silva Costa','Aracruz'
    '10000000029','Leonardo Pereira Lima Santos','Cachoeiro de Itapemirim'
    '10000000030','Ana Souza Ribeiro Costa','Vitoria'
    '10000000031','Bruno Souza Almeida Pereira','Vila Velha'
    '10000000032','Carla Almeida Oliveira Lima','Serra'
    '10000000033','Daniel Oliveira Souza Ferreira','Cariacica'
    '10000000034','Eduarda Ferreira Lima Ribeiro','Guarapari'
    '10000000035','Felipe Pereira Ribeiro Pereira','Linhares'
    '10000000036','Gabriela Costa Souza Oliveira','Colatina'
    '10000000037','Henrique Ferreira Almeida Santos','Viana'
    '10000000038','Isabela Silva Santos Oliveira','Aracruz'
    '10000000039','Joao Oliveira Pereira Ribeiro','Cachoeiro de Itapemirim'
    '10000000040','Karen Santos Pereira Pereira','Vitoria'
    '10000000041','Lucas Ribeiro Almeida Ferreira','Vila Velha'
    '10000000042','Mariana Lima Ferreira Silva','Serra'
    '10000000043','Nicolas Santos Ferreira Lima','Cariacica'
    '10000000044','Olivia Costa Santos Lima','Guarapari'
    '10000000045','Paulo Pereira Oliveira Almeida','Linhares'
    '10000000046','Rafaela Silva Lima Ferreira','Colatina'
    '10000000047','Samuel Oliveira Ferreira Santos','Viana'
    '10000000048','Tatiana Lima Ferreira Ribeiro','Aracruz'
    '10000000049','Victor Souza Oliveira Costa','Cachoeiro de Itapemirim'
    '10000000050','Amanda Oliveira Ferreira Ferreira','Vitoria'
    '10000000051','Bernardo Silva Ribeiro Costa','Vila Velha'
    '10000000052','Camila Almeida Silva Santos','Serra'
    '10000000053','Diego Costa Lima Souza','Cariacica'
    '10000000054','Elisa Silva Souza Ribeiro','Guarapari'
    '10000000055','Fernando Santos Santos Almeida','Linhares'
    '10000000056','Giovana Santos Ferreira Oliveira','Colatina'
    '10000000057','Hugo Oliveira Almeida Ferreira','Viana'
    '10000000058','Juliana Oliveira Lima Ferreira','Aracruz'
    '10000000059','Leonardo Ribeiro Pereira Souza','Cachoeiro de Itapemirim'
}

category = {
category_id:int,category_name:string

    1,'Informática'
    2,'Celulares'
    3,'Eletrônicos'
    4,'Casa'
    5,'Cozinha'
    6,'Escritório'
    7,'Games'
    8,'Áudio'
    9,'Acessórios'
    10,'Fotografia'
    11,'Livros'
    12,'Esportes'
}

product = {
product_id:int,category_id:int,product_name:string,product_price:float,product_stock_quantity:int

    1,1,'Bash',603.68,13
    2,2,'Vstsprofiler',3719.81,19
    3,3,'Xlfit',1383.57,77
    4,4,'Sourcetoolbox',1076.83,43
    5,5,'Mesa',1041.88,81
    6,6,'Ansysmaxwell',4268.98,64
    7,7,'Aerospikedbs',2458.0,6
    8,8,'Statisticalmapping',488.72,54
    9,9,'Toolbox',4151.86,5
    10,10,'Zcore',47.62,98
    11,11,'Seedmapping',680.17,33
    12,12,'Adobedevicecentral',833.06,56
    13,1,'Smartphone',2771.85,54
    14,2,'Livro',2817.71,14
    15,3,'Webcam',403.96,88
    16,4,'Toonz',4522.53,69
    17,5,'Sqlite',209.06,47
    18,6,'Adobeanimate',2925.07,18
    19,7,'Sqlce',2166.04,5
    20,8,'Sdm',1562.04,5
    21,9,'Wordbasic',4497.66,26
    22,10,'PenDrive',3419.87,85
    23,11,'Adobecharacteranimator',540.88,99
    24,12,'Singlestore',2812.62,52
    25,1,'Aql',4869.97,95
    26,2,'Trs80leveliibasic',798.13,30
    27,3,'World',4327.09,22
    28,4,'PizzaAtum',4410.64,3
    29,5,'Visualbasicnet',921.42,42
    30,6,'Swftools',3918.46,52
    31,7,'PizzaToscana',4017.11,94
    32,8,'Sct',4059.42,34
    33,9,'Biomedicalimagingresource',821.21,89
    34,10,'Autocadelectrical',567.24,4
    35,11,'Impressora',4297.21,28
    36,12,'Basica',1021.88,58
    37,1,'Windowssdk',1767.8,29
    38,2,'Sysquake',1137.93,84
    39,3,'Adonet',989.86,42
    40,4,'Terminusdb',1414.66,8
    41,5,'Voltdb',4835.44,35
    42,6,'Wolfram',1775.2,65
    43,7,'Wickeditor',2016.4,68
    44,8,'Systemads',1675.81,3
    45,9,'Scilab',603.25,33
    46,10,'Structural',917.48,33
    47,11,'Altairbasic',220.14,76
    48,12,'Mochila',2189.78,93
    49,1,'CaixaDeSom',3938.55,55
    50,2,'Wasm',3042.86,65
    51,3,'Câmera',604.76,73
    52,4,'PizzaMarguerita',974.69,5
    53,5,'Spim',3552.66,0
    54,6,'Azuredevops',2614.0,68
    55,7,'Scalapack',3443.68,94
    56,8,'Bluestacks',3693.08,25
    57,9,'Atom1',1840.18,8
    58,10,'Visualbasicforapplications',4745.91,42
    59,11,'Thirra',3127.08,84
    60,12,'Altibasexdb',4244.64,92
    61,1,'Adobeaftereffects',4503.23,64
    62,2,'PizzaRomana',1567.14,52
    63,3,'Console',1651.13,89
    64,4,'Visualfoxpro',1499.41,16
    65,5,'Tina',983.45,85
    66,6,'PizzaPortuguesa',4703.61,86
    67,7,'Ansyshfss',3748.23,22
    68,8,'Arangodb',3089.11,38
    69,9,'Mouse',2048.19,0
    70,10,'Antics2danimation',1540.26,26
    71,11,'Ansyselectronics',2166.54,74
    72,12,'Simics',3045.11,41
    73,1,'Spinalcord4',2340.99,56
    74,2,'Armulator',3387.87,65
    75,3,'Tripé',2381.74,94
    76,4,'Autodeskanimatorpro',873.37,10
    77,5,'Tk',1440.42,84
    78,6,'Armadillo',3175.72,42
    79,7,'Shogun',494.13,96
    80,8,'Xeround',1197.3,39
    81,9,'Controle',1146.46,25
    82,10,'Vissim',762.35,5
    83,11,'Teclado',1246.87,60
    84,12,'Simulink',3068.03,98
    85,1,'Visualc',391.96,53
    86,2,'Vista',4434.1,73
    87,3,'Synchrotrace',996.34,89
    88,4,'Headset',1938.37,51
    89,5,'Visualstudio',1242.6,83
    90,6,'Typescript',3447.48,96
    91,7,'Aemulor',4306.39,13
    92,8,'PizzaMussarela',3898.75,28
    93,9,'Transientanalyzer',904.16,89
    94,10,'Soliddb',2604.25,6
    95,11,'PizzaBrocolis',2800.31,15
    96,12,'Yorick',2298.62,59
    97,1,'Tasctheapplesoftcompiler6',3347.86,71
    98,2,'Analyze',2989.4,96
    99,3,'Tupitube',4460.39,78
    100,4,'Ajaxanimator',4080.58,64
    101,5,'Monitor',2150.9,70
    102,6,'Windowssubsystemforandroid',2246.19,20
    103,7,'Signeddifferentialmapping',3725.97,60
    104,8,'PizzaAlhoeoleo',2266.85,96
    105,9,'Visualstudiotoolsforapplications',1258.78,81
    106,10,'Apmonitor',1408.24,99
    107,11,'Baudline',2620.86,80
    108,12,'PizzaNapolitana',1219.05,56
    109,1,'PizzaPalmito',415.09,36
    110,2,'Appleiadproducer',1195.43,42
    111,3,'Spinnaker',1618.96,69
    112,4,'Torch',430.47,19
    113,5,'Texinfo',1179.37,88
    114,6,'Visualstudiotoolsforoffice',789.44,27
    115,7,'PizzaLombinho',349.22,52
    116,8,'Spss',1674.48,59
    117,9,'Tarantool',2096.4,26
    118,10,'Ampl',4169.47,49
    119,11,'Microfone',4527.05,74
    120,12,'Tablet',4731.93,2
}

order = {
order_id:int,customer_id:string

    1,'10000000036'
    2,'10000000024'
    3,'10000000030'
    4,'10000000000'
    5,'10000000022'
    6,'10000000019'
    7,'10000000024'
    8,'10000000026'
    9,'10000000034'
    10,'10000000034'
    11,'10000000038'
    12,'10000000014'
    13,'10000000031'
    14,'10000000014'
    15,'10000000017'
    16,'10000000027'
    17,'10000000031'
    18,'10000000001'
    19,'10000000024'
    20,'10000000021'
    21,'10000000042'
    22,'10000000043'
    23,'10000000025'
    24,'10000000010'
    25,'10000000029'
    26,'10000000008'
    27,'10000000039'
    28,'10000000034'
    29,'10000000001'
    30,'10000000025'
    31,'10000000037'
    32,'10000000036'
    33,'10000000042'
    34,'10000000001'
    35,'10000000005'
    36,'10000000041'
    37,'10000000027'
    38,'10000000008'
    39,'10000000029'
    40,'10000000011'
    41,'10000000003'
    42,'10000000016'
    43,'10000000024'
    44,'10000000020'
    45,'10000000013'
    46,'10000000029'
    47,'10000000020'
    48,'10000000021'
    49,'10000000024'
    50,'10000000017'
    51,'10000000026'
    52,'10000000016'
    53,'10000000005'
    54,'10000000030'
    55,'10000000001'
    56,'10000000034'
    57,'10000000003'
    58,'10000000022'
    59,'10000000014'
    60,'10000000041'
    61,'10000000004'
    62,'10000000041'
    63,'10000000002'
    64,'10000000001'
    65,'10000000015'
    66,'10000000012'
    67,'10000000001'
    68,'10000000039'
    69,'10000000009'
    70,'10000000015'
    71,'10000000008'
    72,'10000000030'
    73,'10000000042'
    74,'10000000007'
    75,'10000000036'
    76,'10000000013'
    77,'10000000029'
    78,'10000000044'
    79,'10000000016'
    80,'10000000023'
    81,'10000000010'
    82,'10000000038'
    83,'10000000038'
    84,'10000000007'
    85,'10000000010'
    86,'10000000019'
    87,'10000000006'
    88,'10000000037'
    89,'10000000001'
    90,'10000000019'
    91,'10000000036'
    92,'10000000043'
    93,'10000000024'
    94,'10000000025'
    95,'10000000012'
    96,'10000000004'
    97,'10000000037'
    98,'10000000044'
    99,'10000000040'
    100,'10000000015'
    101,'10000000006'
    102,'10000000044'
    103,'10000000019'
    104,'10000000043'
    105,'10000000038'
    106,'10000000007'
    107,'10000000036'
    108,'10000000002'
    109,'10000000022'
    110,'10000000034'
    111,'10000000027'
    112,'10000000042'
    113,'10000000023'
    114,'10000000004'
    115,'10000000032'
    116,'10000000041'
    117,'10000000021'
    118,'10000000000'
    119,'10000000026'
    120,'10000000031'
    121,'10000000006'
    122,'10000000027'
    123,'10000000023'
    124,'10000000040'
    125,'10000000029'
    126,'10000000009'
    127,'10000000027'
    128,'10000000011'
    129,'10000000033'
    130,'10000000041'
    131,'10000000017'
    132,'10000000039'
    133,'10000000034'
    134,'10000000030'
    135,'10000000029'
    136,'10000000027'
    137,'10000000037'
    138,'10000000017'
    139,'10000000020'
    140,'10000000015'
    141,'10000000005'
    142,'10000000017'
    143,'10000000028'
    144,'10000000015'
    145,'10000000029'
    146,'10000000036'
    147,'10000000039'
    148,'10000000042'
    149,'10000000024'
    150,'10000000021'
    151,'10000000001'
    152,'10000000031'
    153,'10000000020'
    154,'10000000011'
    155,'10000000031'
    156,'10000000013'
    157,'10000000022'
    158,'10000000016'
    159,'10000000021'
    160,'10000000017'
    161,'10000000038'
    162,'10000000044'
    163,'10000000017'
    164,'10000000035'
    165,'10000000000'
    166,'10000000033'
    167,'10000000012'
    168,'10000000005'
    169,'10000000015'
    170,'10000000026'
    171,'10000000031'
    172,'10000000035'
    173,'10000000015'
    174,'10000000044'
    175,'10000000030'
    176,'10000000041'
    177,'10000000031'
    178,'10000000028'
    179,'10000000001'
    180,'10000000005'
}

order_item = {
order_id:int,product_id:int,quantity:int

    1,29,2
    1,52,3
    1,89,5
    2,61,3
    2,71,4
    2,68,5
    3,46,3
    3,90,3
    3,59,3
    4,16,2
    4,93,3
    5,96,5
    6,25,4
    6,28,3
    7,98,2
    7,68,3
    7,77,2
    7,37,3
    7,13,2
    8,2,2
    8,91,3
    8,69,1
    9,71,3
    10,82,4
    10,97,1
    11,74,3
    12,62,1
    12,57,3
    12,44,4
    12,24,1
    13,52,4
    14,74,1
    15,20,3
    15,73,1
    16,16,4
    16,72,5
    17,80,4
    17,29,4
    17,100,3
    17,67,5
    17,49,4
    18,73,5
    18,80,1
    18,8,2
    19,34,1
    19,85,2
    20,23,1
    20,71,2
    21,53,4
    22,61,3
    22,38,4
    22,5,1
    22,30,2
    22,37,3
    23,85,2
    23,26,2
    23,55,3
    23,15,2
    23,70,1
    24,22,3
    25,96,4
    25,73,3
    25,37,4
    25,57,3
    25,16,5
    26,64,4
    26,57,3
    26,11,5
    26,77,3
    26,6,1
    27,30,5
    28,3,1
    28,98,2
    28,87,4
    28,35,5
    28,74,4
    29,24,4
    29,75,1
    29,56,4
    30,53,1
    30,43,2
    30,42,3
    31,89,4
    31,64,5
    31,37,1
    31,85,4
    32,41,3
    33,15,5
    33,99,1
    33,52,5
    34,53,3
    34,7,5
    34,25,4
    34,67,4
    35,27,3
    36,17,1
    36,37,1
    36,57,5
    36,90,2
    36,63,2
    37,71,1
    37,2,2
    37,53,1
    38,16,3
    38,83,5
    38,20,3
    38,64,4
    39,61,2
    39,32,4
    39,59,2
    39,71,5
    40,96,4
    40,18,3
    40,9,5
    40,36,3
    40,99,1
    41,93,5
    41,39,4
    41,76,2
    42,69,5
    42,62,5
    42,45,4
    42,43,4
    43,25,5
    43,90,4
    43,31,2
    44,6,4
    44,41,4
    44,96,2
    44,61,4
    45,17,5
    46,43,1
    46,13,2
    46,57,4
    46,68,2
    46,59,1
    47,34,4
    47,44,1
    47,80,3
    47,89,5
    48,41,4
    48,81,5
    48,92,1
    48,98,5
    49,31,3
    50,96,4
    50,12,1
    51,57,2
    52,4,1
    52,6,3
    52,42,3
    53,56,5
    53,19,4
    53,32,5
    54,22,1
    54,23,5
    55,80,5
    55,88,2
    55,31,2
    55,64,4
    56,59,1
    56,33,4
    56,86,3
    57,21,3
    57,10,4
    57,57,3
    57,45,4
    57,76,3
    58,50,1
    58,62,2
    59,74,3
    59,46,1
    59,38,4
    59,90,3
    60,73,1
    61,96,5
    61,64,3
    61,37,2
    61,100,2
    61,30,5
    62,87,2
    62,97,1
    62,93,1
    63,57,3
    63,5,2
    63,75,1
    64,42,2
    64,96,2
    64,54,2
    65,47,3
    65,68,4
    65,65,3
    65,35,3
    65,22,1
    66,10,4
    66,19,5
    66,97,3
    66,29,1
    67,2,4
    67,34,3
    67,69,3
    67,16,5
    68,82,2
    68,48,4
    68,14,1
    68,87,5
    69,42,4
    69,79,3
    69,29,4
    69,83,1
    69,9,2
    70,5,3
    71,15,2
    71,13,4
    71,31,4
    71,69,3
    72,54,4
    72,76,1
    72,96,4
    72,94,5
    72,20,4
    73,5,2
    73,89,4
    73,48,4
    74,47,3
    74,13,5
    75,8,2
    75,51,1
    75,36,4
    76,85,2
    77,3,5
    77,7,2
    77,43,1
    77,32,5
    77,17,2
    78,28,5
    78,30,1
    78,43,3
    78,100,2
    78,19,2
    79,33,2
    79,23,1
    79,15,3
    79,85,2
    79,4,5
    80,3,1
    80,23,2
    80,34,4
    81,15,3
    81,96,5
    81,9,5
    81,61,1
    81,58,4
    82,29,5
    82,79,3
    82,6,4
    82,94,1
    82,85,1
    83,52,4
    83,55,4
    83,88,1
    83,14,1
    84,78,2
    84,19,3
    84,9,5
    85,71,5
    85,92,3
    85,42,4
    85,49,5
    85,77,5
    86,13,5
    86,90,2
    86,15,4
    86,84,4
    87,53,4
    87,44,4
    88,94,3
    88,13,3
    88,41,3
    88,55,2
    89,9,1
    89,12,3
    89,11,2
    89,56,5
    90,76,5
    91,43,4
    91,86,1
    91,16,3
    91,53,5
    91,46,3
    92,14,2
    92,74,2
    92,65,4
    93,14,5
    93,45,3
    94,98,3
    95,29,5
    95,55,5
    95,72,1
    95,99,5
    95,80,3
    96,24,3
    97,44,2
    97,45,2
    97,1,5
    98,9,1
    98,19,1
    98,95,5
    98,82,2
    99,54,3
    99,59,3
    99,44,3
    99,21,5
    100,11,5
    100,7,1
    100,20,1
    100,21,3
    100,97,4
    101,63,3
    101,78,2
    101,57,5
    101,54,1
    102,56,5
    102,15,4
    102,37,5
    103,6,5
    103,29,1
    103,51,1
    104,39,2
    104,28,3
    105,42,4
    105,16,4
    105,1,2
    106,49,2
    106,69,5
    107,86,1
    107,46,4
    107,10,1
    107,51,4
    107,95,1
    108,74,4
    108,55,3
    108,52,1
    109,3,4
    109,42,3
    109,22,1
    109,80,4
    110,32,4
    111,52,3
    111,68,2
    111,11,3
    111,51,2
    111,40,1
    112,82,3
    112,15,3
    112,68,2
    112,66,2
    112,25,1
    113,33,2
    113,26,5
    114,98,1
    114,84,2
    115,60,5
    115,97,4
    115,73,5
    115,98,5
    116,81,4
    116,41,1
    116,20,4
    117,81,1
    117,39,3
    117,36,5
    117,76,1
    118,60,1
    118,58,3
    118,5,3
    119,83,1
    120,77,5
    120,65,1
    120,50,4
    120,60,5
    120,75,2
    121,78,2
    121,61,1
    121,65,4
    122,44,1
    123,83,4
    123,23,4
    123,6,5
    123,32,5
    123,91,5
    124,47,3
    124,48,4
    125,100,1
    125,44,3
    125,87,1
    125,77,3
    126,72,4
    127,33,5
    127,93,2
    127,85,3
    128,75,2
    129,40,4
    129,84,2
    129,90,5
    130,40,5
    131,83,5
    131,43,1
    131,17,4
    131,86,5
    132,3,2
    132,47,2
    132,40,3
    133,25,1
    133,29,3
    133,18,1
    133,20,5
    134,95,5
    134,68,2
    134,5,5
    134,85,4
    134,44,2
    135,24,5
    135,89,2
    136,6,2
    136,53,4
    136,47,5
    136,87,3
    137,30,4
    137,69,2
    137,31,3
    137,40,5
    138,60,4
    138,99,5
    138,37,5
    138,100,4
    139,26,2
    139,78,3
    140,83,4
    141,71,5
    141,14,1
    141,92,3
    142,98,2
    143,58,4
    143,66,1
    143,19,2
    144,45,4
    144,4,5
    144,54,3
    144,7,2
    145,11,3
    145,48,1
    145,29,3
    145,4,2
    146,5,4
    146,37,2
    147,58,1
    147,79,3
    147,1,2
    147,11,2
    148,94,3
    148,78,2
    148,68,3
    148,55,1
    148,15,1
    149,54,5
    149,82,4
    150,15,4
    151,69,2
    151,3,2
    151,81,3
    151,66,4
    151,74,1
    152,46,1
    152,31,5
    152,74,3
    152,54,1
    152,24,5
    153,65,1
    153,71,4
    153,3,3
    153,50,3
    153,61,1
    154,9,1
    154,45,5
    154,31,3
    155,6,5
    155,46,3
    156,100,4
    156,88,4
    157,18,4
    157,9,1
    158,26,3
    158,6,5
    158,41,4
    159,61,2
    159,33,3
    159,5,3
    159,97,1
    159,83,3
    160,16,4
    160,48,4
    160,56,4
    161,24,4
    161,64,3
    161,89,5
    162,11,1
    162,94,4
    162,55,5
    163,70,3
    163,38,1
    164,42,3
    165,58,4
    165,78,2
    165,92,4
    166,58,3
    166,6,5
    166,94,4
    167,82,4
    167,8,3
    167,10,5
    168,4,5
    168,19,4
    169,17,1
    170,100,3
    170,83,3
    171,73,4
    171,5,3
    171,78,3
    171,20,4
    172,74,2
    173,47,2
    173,51,1
    173,41,1
    173,84,2
    173,36,4
    174,50,3
    174,72,4
    174,16,2
    174,34,5
    174,100,3
    175,26,4
    175,16,2
    175,18,4
    175,10,1
    176,86,1
    176,45,5
    176,91,5
    177,39,2
    177,21,3
    177,92,5
    178,16,2
    178,26,2
    179,4,3
    179,47,4
    179,71,5
    179,74,2
    180,12,4
    180,9,5
    180,40,4
    180,51,4
    180,92,5
}

=======
group: Mutz - Library
description: Simple example of a Library. Credits: Filipe Mutz
category@en:Federal University of Espírito Santo

livro = {
    isbn:string, titulo:string, autor:string, categoria:string, ano:int

    'L1', 'Banco de Dados I', 'Silva', 'Tecnico',2015
    'L2', 'Algoritmos e Estruturas de Dados', 'Souza', 'Tecnico',2018
    'L3', 'Dom Casmurro', 'Machado de Assis', 'Literatura',1899
    'L4', 'Redes de Computadores', 'Costa', 'Tecnico',2020
    'L5', 'O Cortico', 'Aluisio Azevedo', 'Literatura',1890
    'L6', ' Harry Potter', 'J. K. Rowling', 'Literatura',2009
    'L7', ' Senhor dos Aneis', 'J. R. R. Tolkien', 'Literatura',1954
}

usuario = {
    id_usuario:string, nome:string, cidade:string
    'U1', 'Felipe', 'Sao Paulo'
    'U2', 'Marina', 'Campinas'
    'U3', 'Joao', 'Sao Paulo'
    'U4', 'Clara', 'Santos'
    'U5', 'Jordana', 'Sao Paulo'
    'U6', 'Rhuan', 'Campinas'
    'U7', 'Rubens', 'Santos'
    'U8', 'Robertson', 'Campinas'
}

emprestimo = {
    id_usuario:string, isbn:string, data_emprestimo:string, devolvido:string
    'U1', 'L1', '2026-01-10', 'Sim'
    'U1', 'L2', '2026-02-05', 'Nao'
    'U2', 'L3', '2026-01-20', 'Sim'
    'U3', 'L1', '2026-03-01', 'Nao'
    'U3', 'L4', '2026-03-15', 'Sim'
    'U4', 'L3', '2026-02-11', 'Sim'
    'U4', 'L5', '2026-02-14', 'Sim'
    'U8', 'L7', '2026-02-23', 'Nao'
    'U8', 'L1', '2026-03-07', 'Nao'
    'U8', 'L3', '2026-05-06', 'Nao'
    'U8', 'L4', '2026-01-02', 'Sim'
}
>>>>>>> 0e10bbc27786f791752bdba74d75ee221db6bed8
